884147800801 335.33001248209337
884147800802 255.15683180556272
884147800802 255.15683180556272
884147800802 255.15683180556272
884147800421 79.07173843546589
884147800421 79.07173843546589
884147800422 79.19722067424331
884147800423 71.67241532286033
884147800805 607.5097839000232
884147800805 607.5097839000232
884147800805 607.5097839000232
884147800804 137.19230921200327
884147800806 143.31025146116764
884147800764 221.3944045928521
884147800764 221.3944045928521
884147800776 926.1198236345579
884147800776 926.1198236345579
884147800761 55.662095683696535
884147800761 55.662095683696535
884147800762 387.0306210227386
884147800760 78.82576219952128
884147800760 78.82576219952128
884147800774 471.48604539843933
884147800774 471.48604539843933
884147801630 358.0500453236514
884147801640 335.42178439197534
884147801640 335.42178439197534
884147801639 59.43131088862969
884147801055 91.67479151133635
884147801055 91.67479151133635
884147801054 35.65904091416279
884147801048 50.2288255735867
884147801050 64.91092913221482
884147801049 99.60059572156632
884147801049 99.60059572156632
884147801030 158.0398876177017
884147801032 92.81999252350862
884147801229 75.03417705745734
884147801036 156.7323579948523
884147801038 94.47383677279421
884147801039 62.33597717105843
884147801034 217.08397578957224
884147801034 217.08397578957224
884147801037 64.74288686488993
884147801042 26.8592064077552
884147801043 36.70168597018046
884147801044 16.180231204250674
884147801045 36.02978429787139
884147801179 63.0694248654183
884147801256 344.1280397411026
884147801260 111.59081580982885
884147801260 111.59081580982885
884147801264 56.26900249962943
884147801263 56.751853707476684
884147801263 56.751853707476684
884147801262 69.61784730842193
884147801261 50.44228743343221
884147801259 158.78633847304658
884147801245 48.62441647143841
884147801257 164.77613965930536
884147801258 213.61973509188078
884147801247 211.82744457550368
884147801251 11.925334179071013
884147801249 216.47799020381422
884147801249 216.47799020381422
884147801254 202.71608762432595
884147801254 202.71608762432595
884147801250 116.74063389708294
884147801250 116.74063389708294
884147801255 70.77811006508944
884147801252 599.3427214651641
884147801252 599.3427214651641
884148400028 346.1964530001506
884148400026 410.10335097197844
884148400704 410.9521243781485
884148400702 33.85349116948044
884148400701 296.2429050739461
884148400706 618.6036274588182
884148400706 618.6036274588182
884148400707 445.68854971163836
884148400707 445.68854971163836
884148400703 81.07036741265632
884148400709 340.17923666734583
884148400709 340.17923666734583
884148400708 166.75371567889357
884148400708 166.75371567889357
884148400700 32.208259051673295
884148400699 64.84224441345961
884148400769 444.37071500948934
884148400769 444.37071500948934
884148400768 435.95745279801054
884148400768 435.95745279801054
884148400770 90.92213214616075
884148400770 90.92213214616075
884148400754 263.3230498634312
884148400763 226.51233632331576
884148400763 226.51233632331576
884148400771 677.0400268101997
884148400771 677.0400268101997
884148400771 677.0400268101997
884148400772 565.0427695074525
884148400772 565.0427695074525
884148400755 240.83969324122035
884148400755 240.83969324122035
884148400757 63.193000144337624
884148400756 166.92721635049568
884148400756 166.92721635049568
884148400762 82.56510531170522
884148400751 217.87181321892183
884148400751 217.87181321892183
884148400758 144.14357509650267
884148400759 204.84878593190044
884148400759 204.84878593190044
884148400760 67.21928844296087
884148400761 513.4843873432484
884148400761 513.4843873432484
884148400761 513.4843873432484
884148400753 235.246393205754
884148400753 235.246393205754
884148400752 77.31202213337343
884148400764 99.72056786625177
884148400773 69.44707098721261
884148400767 63.39927710647687
884148401713 64.26455139620879
884148401714 28.72011529873695
884148401721 45.1676624509044
884148401721 45.1676624509044
884148400856 37.285138259396774
884148400856 37.285138259396774
884148400855 69.76232976579907
884148400859 97.9909570160801
884148400858 100.66773249102997
884148400858 100.66773249102997
884148400857 50.437216367655466
884148400847 19.237338609939044
884148400850 24.52432008468513
884148400849 65.87183268857498
884148401090 57.87422964797182
884148401069 148.3373112978717
884148401069 148.3373112978717
884148401070 650.6793780169298
884148401070 650.6793780169298
884148401722 214.5651608524863
884148401722 214.5651608524863
884148400905 36.74866197629907
884148400906 89.38444553760833
884148400903 219.05886354837946
884148400903 219.05886354837946
884148400904 462.8176497145213
884148400904 462.8176497145213
884148400904 462.8176497145213
884148400902 172.0588541104745
884148400889 91.89079140915025
884148400889 91.89079140915025
884148400888 104.507802974333
884148400890 179.8049491723958
884148400890 179.8049491723958
884148400892 11.748997761877192
884148400891 250.95535677603326
884148400891 250.95535677603326
884148400895 184.69646458292152
884148400894 42.97636438644277
884148400893 91.32860654586086
884148400893 91.32860654586086
884148401641 122.14836584356839
884148401685 152.7941185321728
884148401685 152.7941185321728
884148401686 56.8782030878195
884148401684 58.42639111079414
884148401459 63.516320050923824
884148401462 120.29147627355287
884148401462 120.29147627355287
884148401463 78.97631068383126
884148401467 30.734337893935873
884148401466 60.23586100729124
884148401466 60.23586100729124
884148401465 52.04698883281577
884148401464 26.294905013457324
884148401458 215.86400125691378
884148401458 215.86400125691378
884148401457 95.12140280325792
884148401461 117.10000626485629
884148401460 61.81387951840411
884148401460 61.81387951840411
884148401455 141.4501470278887
884148401456 448.3769082405197
884148401456 448.3769082405197
884148401470 84.02232996424527
884148401469 122.49806020642536
884148401469 122.49806020642536
884148401469 122.49806020642536
884148401476 18.99692399957685
884148401476 18.99692399957685
884148401475 27.78144295808532
884148401473 29.639987700963665
884148401477 104.94819285329497
884148401478 128.78147353170633
884148401478 128.78147353170633
884148401479 102.16996985138547
884148401474 154.42086170276144
884148401474 154.42086170276144
884148401481 44.620622669225064
884148401480 200.57775601867195
884148101791 39.89958509975275
884148101790 30.41989422770296
884148101790 30.41989422770296
884148101788 38.04459185205545
884148101165 66.88725400458775
884148101154 104.87219873362133
884148101154 104.87219873362133
884148101155 153.4776985636299
884148101157 62.4065935746609
884148101157 62.4065935746609
884148101153 50.16543972030127
884148101159 97.93494249225807
884148101159 97.93494249225807
884148101160 97.93494249154996
884148101160 97.93494249154996
884148101802 112.69884174446983
884148101802 112.69884174446983
884148101161 248.17322827662497
884148101161 248.17322827662497
884148101162 56.18280958193213
884148101170 38.007662569873794
884148400218 124.07371735317834
884148400215 102.72459836098136
884148400217 69.11631746906797
884148400216 598.2813668736298
884148400216 598.2813668736298
884148400216 598.2813668736298
884148400214 359.97404142935517
884148400214 359.97404142935517
884148401303 369.8931772160999
884148401303 369.8931772160999
884148401305 226.92450203990654
884148401305 226.92450203990654
884148401304 38.61816791226046
884148401661 142.54537868849138
884148401661 142.54537868849138
884148401663 62.63139397276196
884148401662 58.32115005829561
884148401659 57.83391743474449
884148401659 57.83391743474449
884148401277 54.65872106061591
884148401278 43.30190684470169
884148401276 50.18767500072849
884148401276 50.18767500072849
884148401276 50.18767500072849
884148401265 127.36965034017236
884148401265 127.36965034017236
884148400506 78.04499392031035
884148400507 23.484553680544934
884148400318 345.67689566091997
884148400318 345.67689566091997
884148400316 80.05021277033048
884148400319 140.64618458244695
884148400319 140.64618458244695
884148400321 300.80287405702984
884148400322 163.90313007697426
884148400322 163.90313007697426
884148400304 85.85246638599143
884148400307 312.48184304000927
884148400308 249.90857322500122
884148400308 249.90857322500122
884148400311 351.35328707125393
884148400314 76.7462476384115
884148100276 66.15961380505941
884148100277 490.0849824135447
884148100275 105.7463698180248
884148100275 105.7463698180248
884148100280 91.65720111951862
884148100279 100.646944820496
884148100278 148.28516820440302
884148100318 34.13225471913674
884148100317 390.1425712468082
884148100317 390.1425712468082
884148100315 42.43708590004336
884148100314 35.42899897468643
884148100316 46.0395998543698
884148100321 137.22600695041803
884148100322 316.1820607811294
884148100322 316.1820607811294
884148100311 164.28839827031305
884148100313 49.2676948036213
884148100320 78.02038482327706
884148100320 78.02038482327706
884148100319 310.07109559627276
884148100312 87.24233834381349
884148100223 54.186862250877994
884148100231 264.10957989048165
884148100231 264.10957989048165
884148100232 86.79410072178531
884148100225 251.72961917040644
884148100235 81.75004715246894
884148100235 81.75004715246894
884148100236 1138.6259949653306
884148100236 1138.6259949653306
884148100236 1138.6259949653306
884148100234 774.9713887979707
884148100234 774.9713887979707
884148100222 61.41124238315522
884148100229 335.4367114356668
884148100229 335.4367114356668
884148100221 107.80680266458015
884148100230 645.2866732773538
884148100233 258.1719298381928
884148100224 84.96097933471594
884148100226 137.78419499766238
884148000992 2241.529328184559
884148000992 2241.529328184559
884148000992 2241.529328184559
884148000992 2241.529328184559
884148000922 202.09246095108406
884148000922 202.09246095108406
884148000919 579.6256481819038
884148000925 101.51923216403301
884148000924 373.77526851967184
884148000915 117.2013867137685
884148000915 117.2013867137685
884148000916 25.601994305448663
884148000921 242.47287897192288
884148000920 25.60197466478735
884148000914 169.4880090237752
884148000914 169.4880090237752
884148000923 257.86457426258414
884148000926 194.4200031463551
884148000927 74.52302741966484
884148000927 74.52302741966484
884148000917 21.371323100820977
884148000918 99.58051553284521
884148000958 374.7831641889097
884148000958 374.7831641889097
884148000672 173.99080070487085
884148008231 90.52976520512512
884148000980 132.84559652234813
884148000980 132.84559652234813
884148000981 309.13731937418163
884148000981 309.13731937418163
884148000984 55.81402048775775
884148000985 300.67637843856585
884148000976 79.1950755745024
884148000976 79.1950755745024
884148000982 98.27669467130757
884148000983 313.06301164628155
884148000834 58.170960830499006
884148000834 58.170960830499006
884148000756 93.75089714087318
884148000757 83.08405854678718
884148000762 23.289407048011523
884148000760 50.16836557890129
884148000761 34.71680715858825
884148000755 41.57825168734618
884148000758 10.390459047408466
884148000759 94.78847305647817
884148000753 120.29521258331445
884148000754 153.25274854339807
884148000754 153.25274854339807
884148000763 50.885405655560135
884148000764 216.07730845517938
884148000764 216.07730845517938
884148001915 36.477686188360664
884148003734 44.247792844043126
884148003734 44.247792844043126
884148003735 52.91008232792137
884148003733 81.47384258598503
884148005773 52.57209670124252
884148005773 52.57209670124252
884148003732 97.78993732087882
884148003732 97.78993732087882
884148003732 97.78993732087882
884148001252 24.78419958751081
884148001253 95.40637714506816
884148002550 133.7647995023807
884148002550 133.7647995023807
884148003656 46.9725744746994
884148003656 46.9725744746994
884148003657 25.951304083520142
884148003658 66.6271415349709
884148003658 66.6271415349709
884148002785 129.28606737770863
884148002785 129.28606737770863
884148003661 78.15715948818516
884148003661 78.15715948818516
884148003661 78.15715948818516
884148003662 18.755056627706853
884148003650 102.0447753295035
884148003650 102.0447753295035
884148003651 99.22018472575165
884148003654 96.61120355419301
884148003654 96.61120355419301
884148003652 98.42236912759189
884148003653 99.01888610695492
884148003653 99.01888610695492
884148002640 130.54725965625073
884148002640 130.54725965625073
884148002641 94.71931501950196
884148002641 94.71931501950196
884148002642 127.80329782312619
884148002642 127.80329782312619
884148002643 128.09948477250697
884148002643 128.09948477250697
884148005874 79.49030340952723
884148005874 79.49030340952723
884148005874 79.49030340952723
884148005876 78.69440995187675
884148005876 78.69440995187675
884148002627 125.71339099245124
884148002627 125.71339099245124
884148002626 128.98999711978047
884148002626 128.98999711978047
884148002625 95.8448674985729
884148002625 95.8448674985729
884148002625 95.8448674985729
884148003637 31.418248243885177
884148003685 130.1843028403607
884148003685 130.1843028403607
884148003684 131.37752978435117
884148003684 131.37752978435117
884148002190 117.96072337081932
884148002190 117.96072337081932
884148002189 10.15179281837816
884148002188 6.568807116232911
884148002187 123.63659962133508
884148002187 123.63659962133508
884148002184 130.1832141409612
884148002184 130.1832141409612
884148002183 128.9899978746546
884148002183 128.9899978746546
884148001282 99.03717679208128
884148001282 99.03717679208128
884148002185 129.2960949113526
884148002185 129.2960949113526
884148002185 129.2960949113526
884148002186 72.26136394760309
884148001196 33.71593965898821
884148001196 33.71593965898821
884148001190 73.48710616715249
884148001189 45.92050688391568
884148001188 84.22176627119998
884148001188 84.22176627119998
884148001320 89.18503036323143
884148001319 98.36215044200527
884148001319 98.36215044200527
884148001318 97.81926216685781
884148001318 97.81926216685781
884148001315 95.17261523792565
884148001315 95.17261523792565
884148001339 93.54591764102732
884148001334 55.467979394663615
884148001333 40.59863092985315
884148001332 35.9178924909667
884148001331 66.23293441483911
884148001331 66.23293441483911
884148001338 40.56745082254728
884148001338 40.56745082254728
884148001337 56.19067978142479
884148001327 97.6858736082213
884148001327 97.6858736082213
884148001327 97.6858736082213
884148001327 97.6858736082213
884148001327 97.6858736082213
884148001326 95.14884470615355
884148001326 95.14884470615355
884148001326 95.14884470615355
884148001058 36.370840347735054
884148001059 54.84899465197058
884148001059 54.84899465197058
884148001059 54.84899465197058
884148001896 96.11604996652218
884148001896 96.11604996652218
884148001907 51.11702961416209
884148001908 40.893546368570085
884148001897 71.33618089445527
884148001897 71.33618089445527
884148001898 55.671839395797846
884148001901 71.29987969781932
884148001901 71.29987969781932
884148001902 65.20242103943508
884148001895 128.41185394142533
884148001895 128.41185394142533
884148001900 44.27840214419534
884148001905 21.166201068848995
884148001906 26.565469733211433
884148001899 37.697283988915636
884148001894 20.046839681564574
884148001903 66.84169026196442
884148001903 66.84169026196442
884148001904 61.68872226006417
884148000400 128.02511681465023
884148000400 128.02511681465023
884148000401 131.10393756181782
884148000402 110.70910153651093
884130900356 62.72282433920104
884130900357 57.447773906863446
884130900355 8.888978163660742
884130900351 93.31001332729682
884130900351 93.31001332729682
884130900351 93.31001332729682
884130900239 101.22893066362387
884130900245 39.70075023008059
884130900244 57.59338092560644
884130900244 57.59338092560644
884130900238 99.00217805913874
884130900238 99.00217805913874
884130900238 99.00217805913874
884130900235 95.72791490449966
884130900235 95.72791490449966
884130900234 96.37691876266241
884130900234 96.37691876266241
884130900240 64.0561378608441
884130900240 64.0561378608441
884130900241 21.99586103449353
884130900421 91.61646649436535
884130900421 91.61646649436535
884130900422 184.7415666535083
884130900422 184.7415666535083
884130900423 72.86813182798211
884130900424 22.15276547758242
884130900424 22.15276547758242
884130902103 15.88196297551625
884130902104 21.32245744322764
884130902105 42.06749133696949
884130902105 42.06749133696949
884130902106 32.34332561089573
884130902107 20.564999600295696
884130902108 46.3458179920622
884130902108 46.3458179920622
884130900280 16.969933833380207
884130900281 115.9337715557486
884130900281 115.9337715557486
884130900274 96.97214032072989
884130900275 35.3773058508455
884130900275 35.3773058508455
884130902166 92.1350096079531
884130902166 92.1350096079531
884130900291 83.55296044006707
884130902167 70.08910792760904
884130902167 70.08910792760904
884130900328 75.87617394999047
884130900328 75.87617394999047
884130900327 20.93135838080947
884130901096 128.98999744133462
884130901096 128.98999744133462
884130901101 48.96747125250208
884130901098 131.3860069151045
884130901099 105.72125657279565
884130901099 105.72125657279565
884130901100 39.11426057284185
884130901100 39.11426057284185
884130901104 32.246871307269274
884130901105 32.24687130585305
884130901103 36.72560343123323
884130901103 36.72560343123323
884130900885 32.399088726868115
884130900887 31.39290585258477
884130900886 33.80774482569738
884130900136 27.77980361990788
884130900136 27.77980361990788
884130900143 65.70317318339194
884130900142 97.98144798196915
884130900137 97.04253427950731
884130900137 97.04253427950731
884130900139 73.65727770975494
884130900140 94.65396117993562
884130900138 95.54967540776148
884130900141 122.8434630522371
884130900141 122.8434630522371
884130900144 133.28239615644793
884130900144 133.28239615644793
884130900144 133.28239615644793
884130900144 133.28239615644793
884130900800 101.20642513468982
884130900800 101.20642513468982
884130900134 136.8659523492608
884130900134 136.8659523492608
884130900134 136.8659523492608
884130900133 134.67873184801925
884130302928 51.35652247628957
884130302927 132.5718448876101
884130302927 132.5718448876101
884130302926 135.85725791290523
884130302926 135.85725791290523
884130302926 135.85725791290523
884130302929 99.80826181903849
884130302929 99.80826181903849
884130302925 205.7230956507222
884130302925 205.7230956507222
884130302924 201.54455208211155
884130302924 201.54455208211155
884130302922 97.93494248022013
884130302922 97.93494248022013
884130302923 94.66101301645872
884130302923 94.66101301645872
884130302921 93.45967418777028
884130302921 93.45967418777028
884130305338 98.16523134478861
884130305338 98.16523134478861
884130305332 120.32860311986713
884130305332 120.32860311986713
884130304014 79.66598409086698
884130304014 79.66598409086698
884130304011 81.66858064533707
884130304015 75.83511063326658
884130304016 80.06824734145354
884130304016 80.06824734145354
884130304016 80.06824734145354
884130302616 61.78503826639424
884130302616 61.78503826639424
884130302615 38.43525102473227
884130302608 48.04660128070297
884130302634 43.6157281519661
884130302634 43.6157281519661
884130302630 44.496014657418684
884130304019 36.760842758892565
884130304020 85.69685197285777
884130304020 85.69685197285777
884130304294 18.810674925463797
884130304295 48.97600632370981
884130304293 66.88239974552545
884130304293 66.88239974552545
884130303372 40.042353104631005
884130303372 40.042353104631005
884130303374 64.53168445930245
884130303375 40.550756544214636
884130303375 40.550756544214636
884130303384 33.181657083014464
884130303385 24.49117025585006
884130303386 33.479890294946145
884130303045 48.89920497440227
884130303045 48.89920497440227
884130303046 48.6475249695166
884130303053 103.56643523751738
884130303039 94.46559615367555
884130303039 94.46559615367555
884130303037 55.061554222935925
884130303038 20.92709140404333
884147402249 124.56738409614094
884147402250 35.83493716214101
884147402231 54.347904558258726
884147402231 54.347904558258726
884147402230 88.19132598101956
884147402234 87.81631515230914
884147402235 79.12656758409501
884147402251 40.01809242552931
884147402252 40.01809231346644
884147402252 40.01809231346644
884147402252 40.01809231346644
884147402252 40.01809231346644
884147402252 40.01809231346644
884147400485 21.11532063014213
884147400485 21.11532063014213
884147400488 45.649312126407786
884147400488 45.649312126407786
884147400487 69.78686138354591
884147400487 69.78686138354591
884147400487 69.78686138354591
884147400482 111.8106672431931
884147400482 111.8106672431931
884147400482 111.8106672431931
884147400481 46.45371252031415
884147400481 46.45371252031415
884147400481 46.45371252031415
884147400483 65.15585647815251
884147400483 65.15585647815251
884147400484 22.523012060638212
884147400484 22.523012060638212
884147400477 69.78111794233824
884147400477 69.78111794233824
884147400476 17.897750670781623
884147400479 77.2217558308114
884147400478 15.082374172026011
884147400470 93.71181825272754
884147400470 93.71181825272754
884147400471 88.48326182174328
884147400472 89.89889320533577
884147400472 89.89889320533577
884147400473 89.29567013236793
884147400473 89.29567013236793
884147400473 89.29567013236793
884147400473 89.29567013236793
884147400473 89.29567013236793
884147400473 89.29567013236793
884147400474 89.8909870190939
884147400474 89.8909870190939
884147400475 51.69609348143553
884147402091 76.62374991150256
884147402091 76.62374991150256
884147402092 79.44288490015614
884147402092 79.44288490015614
884147402093 79.46139295069464
884147402093 79.46139295069464
884147402095 81.05146552582657
884147402095 81.05146552582657
884147402094 85.52993121032719
884147402094 85.52993121032719
884147402094 85.52993121032719
884147402500 71.36566542096175
884147402499 55.536278366610645
884147402499 55.536278366610645
884147402493 15.526271361328359
884147402493 15.526271361328359
884147400722 204.0317218253491
884147400722 204.0317218253491
884147400722 204.0317218253491
884147400722 204.0317218253491
884147400722 204.0317218253491
884147400722 204.0317218253491
884147400721 115.88126217931386
884147400699 384.1162689366495
884147400699 384.1162689366495
884147400699 384.1162689366495
884147400698 161.24238509453224
884147400640 283.97478352697846
884147400640 283.97478352697846
884147400640 283.97478352697846
884147400641 382.47849922027785
884147400639 101.49262061753727
884147400639 101.49262061753727
884147400642 716.4273456743738
884147407417 169.82201181465933
884147407425 87.89622018460187
884147407424 38.64086483534825
884147407407 523.540769513127
884147407407 523.540769513127
884147407406 64.72622463785859
884147407408 10.964168273536185
884147407409 569.5685467142357
884147407409 569.5685467142357
884147407410 118.28998077167715
884147407411 281.89938410481926
884147407411 281.89938410481926
884147407402 174.64464502166905
884147407401 80.43778582787763
884147407401 80.43778582787763
884147407404 70.94097007656757
884147407405 939.5190469402115
884147407405 939.5190469402115
884147407405 939.5190469402115
884147407403 1727.3694384071257
884147407403 1727.3694384071257
884147407403 1727.3694384071257
884147500201 1087.7384199704288
884147500201 1087.7384199704288
884147503773 79.89495443045989
884147503773 79.89495443045989
884147503774 403.07335862915124
884147503767 538.0485773418711
884147503737 283.744647190039
884147503737 283.744647190039
884147503738 133.55334488768978
884147503740 576.8861792206162
884147503740 576.8861792206162
884147503741 101.3757269252949
884147503741 101.3757269252949
884147503707 130.28666510064937
884147503710 114.2583600011154
884147503708 170.5332807555896
884147503709 274.7907452038207
884147503709 274.7907452038207
884147503712 141.12192687402333
884147503711 154.491798961025
884147503713 123.02282358180129
884148100134 347.3298838020172
884148100133 52.3310359327984
884148100138 28.153417453610125
884148100137 166.0104222379546
884148100132 195.88913043889647
884148103696 180.6727500994167
884148103696 180.6727500994167
884148103697 109.59880826518722
884148103698 313.17354455470274
884148103698 313.17354455470274
884148103699 571.900490098162
884148400275 713.9754086611952
884148400274 362.44888020599103
884148400273 322.26847973314017
884148400273 322.26847973314017
884148400272 37.01939422170971
884148404256 497.1035942389877
884148404256 497.1035942389877
884148404254 109.74182574703516
884148401846 95.38405620055275
884148401845 156.15464441354717
884148401845 156.15464441354717
884148401844 162.50611644726655
884148400013 122.41867811142797
884148400013 122.41867811142797
884148400012 71.36368455660393
884148400011 66.59043060353719
884148400576 157.76270920904113
884147801156 35.53127485795052
884147801153 28.066721324147597
884147801154 22.095078488183002
884147800845 84.31455774696974
884147800842 197.9615956295916
884147800842 197.9615956295916
884147800843 114.66419034716628
884147800892 115.18689360549939
