884147800801 335.33001248209337
884147800802 255.15683180556272
884147800802 255.15683180556272
884147800421 79.07173843546589
884147800422 79.19722067424331
884147800423 71.67241532286033
884147800805 607.5097839000232
884147800805 607.5097839000232
884147800804 137.19230921200327
884147800806 143.31025146116764
884147800764 221.3944045928521
884147800776 926.1198236345579
884147800776 926.1198236345579
884147800761 55.662095683696535
884147800762 387.0306210227386
884147800760 78.82576219952128
884147800774 471.48604539843933
884147800774 471.48604539843933
884147801630 358.0500453236514
884147801640 335.42178439197534
884147801639 59.43131088862969
884147801055 91.67479151133635
884147801054 35.65904091416279
884147801048 50.2288255735867
884147801050 64.91092913221482
884147801049 99.60059572156632
884147801034 217.08397578957224
884147801322 102.64883752589662
884147801327 67.88765286263343
884147802852 106.71098273994615
884147801326 319.4792790985931
884147801325 66.1184200318161
884147801256 344.1280397411026
884147801260 111.59081580982885
884147801249 216.47799020381422
884147801254 202.71608762432595
884147801250 116.74063389708294
884147801255 70.77811006508944
884147801252 599.3427214651641
884148400026 410.10335097197844
884148400027 210.26628786440398
884148400029 213.89556274462666
884148400704 410.9521243781485
884148400702 33.85349116948044
884148400701 296.2429050739461
884148400701 296.2429050739461
884148400705 180.59262378547834
884148400706 618.6036274588182
884148400707 445.68854971163836
884148400707 445.68854971163836
884148400703 81.07036741265632
884148400709 340.17923666734583
884148400708 166.75371567889357
884148400779 18.525215511557427
884148400778 49.35183842256805
884148400699 64.84224441345961
884148400769 444.37071500948934
884148400769 444.37071500948934
884148400768 435.95745279801054
884148400770 90.92213214616075
884148400754 263.3230498634312
884148400763 226.51233632331576
884148400763 226.51233632331576
884148400771 677.0400268101997
884148400772 565.0427695074525
884148400772 565.0427695074525
884148400755 240.83969324122035
884148400757 63.193000144337624
884148400756 166.92721635049568
884148400762 82.56510531170522
884148400751 217.87181321892183
884148400751 217.87181321892183
884148400758 144.14357509650267
884148400759 204.84878593190044
884148400760 67.21928844296087
884148400761 513.4843873432484
884148400773 69.44707098721261
884148400767 63.39927710647687
884148401713 64.26455139620879
884148401714 28.72011529873695
884148401721 45.1676624509044
884148400856 37.285138259396774
884148400855 69.76232976579907
884148400859 97.9909570160801
884148400858 100.66773249102997
884148400858 100.66773249102997
884148400857 50.437216367655466
884148400847 19.237338609939044
884148400850 24.52432008468513
884148400849 65.87183268857498
884148401090 57.87422964797182
884148401069 148.3373112978717
884148401070 650.6793780169298
884148401722 214.5651608524863
884148401722 214.5651608524863
884148400905 36.74866197629907
884148400906 89.38444553760833
884148400903 219.05886354837946
884148400904 462.8176497145213
884148400904 462.8176497145213
884148400902 172.0588541104745
884148400899 70.35235671914276
884148402444 272.4157780984869
884148402443 118.63377884820216
884148401173 183.31295522113368
884148400892 11.748997761877192
884148400891 250.95535677603326
884148401462 120.29147627355287
884148401463 78.97631068383126
884148401467 30.734337893935873
884148401466 60.23586100729124
884148401466 60.23586100729124
884148401465 52.04698883281577
884148401464 26.294905013457324
884148401458 215.86400125691378
884148401457 95.12140280325792
884148401461 117.10000626485629
884148401460 61.81387951840411
884148401460 61.81387951840411
884148401455 141.4501470278887
884148401456 448.3769082405197
884148401470 84.02232996424527
884148401469 122.49806020642536
884148101790 30.41989422770296
884148101788 38.04459185205545
884148101165 66.88725400458775
884148101166 61.21464305012056
884148101164 45.69017398160652
884148101163 86.88950499971823
884148101156 49.86687983942664
884148101154 104.87219873362133
884148101154 104.87219873362133
884148101313 109.000470964353
884148101796 214.45233059502212
884148101173 102.12761960963063
884148101157 62.4065935746609
884148101157 62.4065935746609
884148101153 50.16543972030127
884148101159 97.93494249225807
884148101160 97.93494249154996
884148400218 124.07371735317834
884148400215 102.72459836098136
884148400217 69.11631746906797
884148400216 598.2813668736298
884148400214 359.97404142935517
884148400214 359.97404142935517
884148401303 369.8931772160999
884148401305 226.92450203990654
884148401304 38.61816791226046
884148401661 142.54537868849138
884148401661 142.54537868849138
884148401663 62.63139397276196
884148401662 58.32115005829561
884148401659 57.83391743474449
884148401277 54.65872106061591
884148401278 43.30190684470169
884148401276 50.18767500072849
884148401276 50.18767500072849
884148401265 127.36965034017236
884148400506 78.04499392031035
884148400507 23.484553680544934
884148400318 345.67689566091997
884148400318 345.67689566091997
884148400316 80.05021277033048
884148400319 140.64618458244695
884148400321 300.80287405702984
884148400322 163.90313007697426
884148400304 85.85246638599143
884148400307 312.48184304000927
884148400308 249.90857322500122
884148100275 105.7463698180248
884148100280 91.65720111951862
884148100279 100.646944820496
884148100278 148.28516820440302
884148100387 206.08191860191153
884148100360 126.72305045520514
884148100373 332.14848500840424
884148100367 188.09493193893465
884148100365 148.98109302034436
884148100362 140.27699357043113
884148100379 305.20145539860533
884148100381 403.1418868712466
884148100380 54.5648847202208
884148100320 78.02038482327706
884148100320 78.02038482327706
884148100319 310.07109559627276
884148100355 97.04436699884528
884148101686 302.0672044520957
884148100356 116.94782095414199
884148100357 302.6937114595222
884148100236 1138.6259949653306
884148100236 1138.6259949653306
884148100234 774.9713887979707
884148100222 61.41124238315522
884148100229 335.4367114356668
884148100229 335.4367114356668
884148100221 107.80680266458015
884148100230 645.2866732773538
884148100233 258.1719298381928
884148100224 84.96097933471594
884148100226 137.78419499766238
884148100227 89.6238162687839
884148100228 124.71126328819136
884148000992 2241.529328184559
884148000922 202.09246095108406
884148000919 579.6256481819038
884148000925 101.51923216403301
884148000924 373.77526851967184
884148000915 117.2013867137685
884148000976 79.1950755745024
884148000982 98.27669467130757
884148000983 313.06301164628155
884148000834 58.170960830499006
884148000756 93.75089714087318
884148000757 83.08405854678718
884148000762 23.289407048011523
884148000760 50.16836557890129
884148000761 34.71680715858825
884148000755 41.57825168734618
884148000758 10.390459047408466
884148000759 94.78847305647817
884148000753 120.29521258331445
884148000754 153.25274854339807
884148000763 50.885405655560135
884148000764 216.07730845517938
884148000764 216.07730845517938
884148001915 36.477686188360664
884148005052 49.272631025023294
884148005053 163.6290790155517
884148001255 85.54524392724375
884148003745 86.96289601297822
884148005772 39.06393458966864
884148003732 97.78993732087882
884148003732 97.78993732087882
884148001252 24.78419958751081
884148002567 52.25807618549483
884148003659 100.99766189303143
884148003659 100.99766189303143
884148003659 100.99766189303143
884148005968 79.05769412209573
884148002572 131.37860880793968
884148003644 96.80340527046833
884148003647 77.81727590228118
884148002778 131.3761423699776
884148003658 66.6271415349709
884148003658 66.6271415349709
884148003661 78.15715948818516
884148003661 78.15715948818516
884148003662 18.755056627706853
884148003650 102.0447753295035
884148003651 99.22018472575165
884148003651 99.22018472575165
884148003654 96.61120355419301
884148003652 98.42236912759189
884148002640 130.54725965625073
884148002640 130.54725965625073
884148002641 94.71931501950196
884148002642 127.80329782312619
884148002643 128.09948477250697
884148002643 128.09948477250697
884148005874 79.49030340952723
884148005874 79.49030340952723
884148002634 128.09948477252797
884148002631 127.80329782312619
884148003612 78.08504794513934
884148002626 128.98999711978047
884148002626 128.98999711978047
884148003613 77.91182322579891
884148000190 99.13253965235481
884148003639 47.29456766926383
884148003685 130.1843028403607
884148003685 130.1843028403607
884148003654 96.61120355419301
884148002630 131.39833941563936
884148002100 126.89884669238555
884148007228 96.83884890235862
884148002188 6.568807116232911
884148002187 123.63659962133508
884148002187 123.63659962133508
884148002184 130.1832141409612
884148002183 128.9899978746546
884148002185 129.2960949113526
884148002185 129.2960949113526
884148002124 96.82538687957407
884148002160 83.6504795359275
884148002164 67.275413953811
884148001190 73.48710616715249
884148001189 45.92050688391568
884148001189 45.92050688391568
884148001188 84.22176627119998
884148001320 89.18503036323143
884148001320 89.18503036323143
884148001319 98.36215044200527
884148001318 97.81926216685781
884148001315 95.17261523792565
884148001315 95.17261523792565
884148001317 99.7177389048327
884148001316 98.93976829684371
884148001316 98.93976829684371
884148001362 92.91850210094105
884148003943 96.58312757370639
884148002414 92.60352583940599
884148001332 35.9178924909667
884148001331 66.23293441483911
884148001331 66.23293441483911
884148001338 40.56745082254728
884148001337 56.19067978142479
884148001327 97.6858736082213
884148001327 97.6858736082213
884148001326 95.14884470615355
884148001326 95.14884470615355
884148001058 36.370840347735054
884148001059 54.84899465197058
884148001059 54.84899465197058
884148001896 96.11604996652218
884148001966 97.38002825839834
884148004960 93.66530587340655
884148004961 127.2523364803195
884148004962 131.03750437277836
884148004957 53.05209241618552
884130900235 95.72791490449966
884130900235 95.72791490449966
884130900234 96.37691876266241
884130900240 64.0561378608441
884130900241 21.99586103449353
884130900426 221.44839079496668
884130900426 221.44839079496668
884130900421 91.61646649436535
884130900422 184.7415666535083
884130900423 72.86813182798211
884130900424 22.15276547758242
884130902103 15.88196297551625
884130902104 21.32245744322764
884130902105 42.06749133696949
884130902105 42.06749133696949
884130902106 32.34332561089573
884130902107 20.564999600295696
884130902108 46.3458179920622
884130902108 46.3458179920622
884130900280 16.969933833380207
884130900281 115.9337715557486
884130900274 96.97214032072989
884130900274 96.97214032072989
884130902165 98.7218894405683
884130900290 43.13434819463226
884130900291 83.55296044006707
884130900291 83.55296044006707
884130900289 18.879458041262293
884130900327 20.93135838080947
884130901096 128.98999744133462
884130901100 39.11426057284185
884130902380 97.40019714962862
884130901094 99.13110940291412
884130900879 96.81737318711914
884130900885 32.399088726868115
884130900887 31.39290585258477
884130900886 33.80774482569738
884130900135 95.85838432828794
884130900141 122.8434630522371
884130900144 133.28239615644793
884130900144 133.28239615644793
884130900794 100.6067883050831
884130900794 100.6067883050831
884130900134 136.8659523492608
884130302936 99.77743501531559
884130302926 135.85725791290523
884130302925 205.7230956507222
884130302925 205.7230956507222
884130302924 201.54455208211155
884130302922 97.93494248022013
884130302923 94.66101301645872
884130302923 94.66101301645872
884130302921 93.45967418777028
884130305338 98.16523134478861
884130305338 98.16523134478861
884130305332 120.32860311986713
884130304014 79.66598409086698
884130304011 81.66858064533707
884130304015 75.83511063326658
884130304015 75.83511063326658
884130304016 80.06824734145354
884130304017 39.828511449651835
884130304018 78.05691969780493
884130304018 78.05691969780493
884130304019 36.760842758892565
884130304020 85.69685197285777
884130304294 18.810674925463797
884130304295 48.97600632370981
884130304293 66.88239974552545
884130304292 72.7903850183397
884130302978 63.92315945245549
884130302978 63.92315945245549
884130303374 64.53168445930245
884130303375 40.550756544214636
884130302998 36.04545208254191
884130302997 162.32321376905492
884130304512 95.84486749007552
884130303053 103.56643523751738
884130303046 48.6475249695166
884130303046 48.6475249695166
884130303053 103.56643523751738
884130304512 95.84486749007552
884130302996 195.08204070975057
884130302990 92.26188179713576
884130303039 94.46559615367555
884130303039 94.46559615367555
884130302990 92.26188179713576
884130302994 55.55567707056182
884130302987 101.22254364556794
884147402251 40.01809242552931
884147402252 40.01809231346644
884147402252 40.01809231346644
884147400488 45.649312126407786
884147400488 45.649312126407786
884147400487 69.78686138354591
884147400482 111.8106672431931
884147400482 111.8106672431931
884147402690 82.11008897804949
884147400572 111.60799207357971
884147402695 82.11008897804949
884147400483 65.15585647815251
884147400483 65.15585647815251
884147402695 82.11008897804949
884147400573 92.90611228310809
884147402671 82.11230523894237
884147402671 82.11230523894237
884147400574 95.31925804536932
884147400575 108.59155979782139
884147402350 82.11230523894237
884147400471 88.48326182174328
884147400471 88.48326182174328
884147400472 89.89889320533577
884147400473 89.29567013236793
884147400473 89.29567013236793
884147400474 89.8909870190939
884147400474 89.8909870190939
884147400475 51.69609348143553
884147402091 76.62374991150256
884147402092 79.44288490015614
884147402092 79.44288490015614
884147402093 79.46139295069464
884147402095 81.05146552582657
884147402094 85.52993121032719
884147402094 85.52993121032719
884147402500 71.36566542096175
884147402499 55.536278366610645
884147402499 55.536278366610645
884147402493 15.526271361328359
884147400722 204.0317218253491
884147400722 204.0317218253491
884147400721 115.88126217931386
884147400721 115.88126217931386
884147400699 384.1162689366495
884147400698 161.24238509453224
884147400640 283.97478352697846
884147400640 283.97478352697846
884147400641 382.47849922027785
884147400639 101.49262061753727
884147400708 279.12381366837843
884147407420 31.89366724621191
884147407419 63.118676311143524
884147407418 196.96028340789135
884147407418 196.96028340789135
884147407417 169.82201181465933
884147407425 87.89622018460187
884147407424 38.64086483534825
884147407407 523.540769513127
884147407406 64.72622463785859
884147407408 10.964168273536185
884147407409 569.5685467142357
884147407410 118.28998077167715
884147407410 118.28998077167715
884147407411 281.89938410481926
884147407402 174.64464502166905
884147407401 80.43778582787763
884147407404 70.94097007656757
884147407405 939.5190469402115
884147407405 939.5190469402115
884147407403 1727.3694384071257
884148100134 347.3298838020172
884148100133 52.3310359327984
884148100138 28.153417453610125
884148100137 166.0104222379546
884148100132 195.88913043889647
884148103696 180.6727500994167
884148103697 109.59880826518722
884148103698 313.17354455470274
884148103699 571.900490098162
884148404256 497.1035942389877
884148404254 109.74182574703516
884148401846 95.38405620055275
884148401845 156.15464441354717
884148401844 162.50611644726655
884148400013 122.41867811142797
884148400012 71.36368455660393
884148400011 66.59043060353719
