884147800801 335.33001248209337
884147800802 255.15683180556272
884147800802 255.15683180556272
884147800421 79.07173843546589
884147800422 79.19722067424331
884147800423 71.67241532286033
884147800424 69.28577039456378
884147800425 49.83406340387623
884147800389 50.018139766695235
884147800417 89.03529230411928
884147800418 61.3963691328005
884147800803 90.16826519045179
884147800807 181.5640864255276
884147800806 143.31025146116764
884147800764 221.3944045928521
884147800776 926.1198236345579
884148400763 226.51233632331576
884148400771 677.0400268101997
884148400772 565.0427695074525
884148400755 240.83969324122035
884148400757 63.193000144337624
884148400756 166.92721635049568
884148400762 82.56510531170522
884148400751 217.87181321892183
884148400773 69.44707098721261
884148400767 63.39927710647687
884148401713 64.26455139620879
884148401714 28.72011529873695
884148401721 45.1676624509044
884148400856 37.285138259396774
884148400855 69.76232976579907
884148400859 97.9909570160801
884148400858 100.66773249102997
884148400857 50.437216367655466
884148400847 19.237338609939044
884148400850 24.52432008468513
884148400849 65.87183268857498
884148401090 57.87422964797182
884148401069 148.3373112978717
884148401070 650.6793780169298
884148401722 214.5651608524863
884148401722 214.5651608524863
884148400905 36.74866197629907
884148400906 89.38444553760833
884148400903 219.05886354837946
884148400904 462.8176497145213
884148400902 172.0588541104745
884148400889 91.89079140915025
884148400888 104.507802974333
884148400890 179.8049491723958
884148400892 11.748997761877192
884148400891 250.95535677603326
884148400891 250.95535677603326
884148400895 184.69646458292152
884148400894 42.97636438644277
884148400893 91.32860654586086
884148401641 122.14836584356839
884148401685 152.7941185321728
884148401686 56.8782030878195
884148401684 58.42639111079414
884148401459 63.516320050923824
884148401462 120.29147627355287
884148401463 78.97631068383126
884148401467 30.734337893935873
884148401466 60.23586100729124
884148101790 30.41989422770296
884148101788 38.04459185205545
884148101165 66.88725400458775
884148101166 61.21464305012056
884148101164 45.69017398160652
884148101163 86.88950499971823
884148101156 49.86687983942664
884148101154 104.87219873362133
884148101155 153.4776985636299
884148101157 62.4065935746609
884148101157 62.4065935746609
884148101153 50.16543972030127
884148101159 97.93494249225807
884148101160 97.93494249154996
884148101802 112.69884174446983
884148400214 359.97404142935517
884148401303 369.8931772160999
884148401305 226.92450203990654
884148401304 38.61816791226046
884148401661 142.54537868849138
884148401663 62.63139397276196
884148401662 58.32115005829561
884148401659 57.83391743474449
884148401277 54.65872106061591
884148401278 43.30190684470169
884148401276 50.18767500072849
884148401276 50.18767500072849
884148401265 127.36965034017236
884148400506 78.04499392031035
884148400507 23.484553680544934
884148400503 103.90877661397809
884148400504 18.236578466272938
884148400505 61.39012399937754
884148401634 16.335839342440423
884148401633 108.66907290707962
884148401631 251.84453072501873
884148401632 581.6208363784951
884148000992 2241.529328184559
884148000922 202.09246095108406
884148000919 579.6256481819038
884148000925 101.51923216403301
884148000924 373.77526851967184
884148000915 117.2013867137685
884148000916 25.601994305448663
884148000921 242.47287897192288
884148000920 25.60197466478735
884148000914 169.4880090237752
884148000923 257.86457426258414
884148000926 194.4200031463551
884148000927 74.52302741966484
884148000917 21.371323100820977
884148000918 99.58051553284521
884148000754 153.25274854339807
884148000763 50.885405655560135
884148000764 216.07730845517938
884148001915 36.477686188360664
884148003734 44.247792844043126
884148003735 52.91008232792137
884148003733 81.47384258598503
884148003732 97.78993732087882
884148003732 97.78993732087882
884148003655 57.341244362364364
884148003659 100.99766189303143
884148003660 24.421987839148805
884148003656 46.9725744746994
884148003657 25.951304083520142
884148003658 66.6271415349709
884148003661 78.15715948818516
884148003661 78.15715948818516
884148003662 18.755056627706853
884148003650 102.0447753295035
884148003651 99.22018472575165
884148003654 96.61120355419301
884148003652 98.42236912759189
884148002640 130.54725965625073
884148002640 130.54725965625073
884148002641 94.71931501950196
884148002642 127.80329782312619
884148002643 128.09948477250697
884148005874 79.49030340952723
884148005874 79.49030340952723
884148002634 128.09948477252797
884148002631 127.80329782312619
884148002632 96.45194519624279
884148003648 70.63995671464919
884148003637 31.418248243885177
884148003685 130.1843028403607
884148003685 130.1843028403607
884148003684 131.37752978435117
884148002190 117.96072337081932
884148002189 10.15179281837816
884148002188 6.568807116232911
884148002187 123.63659962133508
884148002184 130.1832141409612
884148002183 128.9899978746546
884148001282 99.03717679208128
884148001282 99.03717679208128
884148002185 129.2960949113526
884148002186 72.26136394760309
884148001196 33.71593965898821
884148001190 73.48710616715249
884148001189 45.92050688391568
884148001188 84.22176627119998
884148001188 84.22176627119998
884148001320 89.18503036323143
884148001319 98.36215044200527
884148001318 97.81926216685781
884148001315 95.17261523792565
884148001339 93.54591764102732
884148001339 93.54591764102732
884148001317 99.7177389048327
884148001316 98.93976829684371
884148001334 55.467979394663615
884148001333 40.59863092985315
884148001332 35.9178924909667
884148001331 66.23293441483911
884148001338 40.56745082254728
884148001337 56.19067978142479
884148001327 97.6858736082213
884148001327 97.6858736082213
884148001326 95.14884470615355
884148001058 36.370840347735054
884148001059 54.84899465197058
884130900270 91.67201119533337
884130900234 96.37691876266241
884130900240 64.0561378608441
884130900241 21.99586103449353
884130900421 91.61646649436535
884130900422 184.7415666535083
884130900423 72.86813182798211
884130900424 22.15276547758242
884130900424 22.15276547758242
884130902103 15.88196297551625
884130902104 21.32245744322764
884130902105 42.06749133696949
884130902106 32.34332561089573
884130902107 20.564999600295696
884130902108 46.3458179920622
884130900280 16.969933833380207
884130900281 115.9337715557486
884130900281 115.9337715557486
884130902165 98.7218894405683
884130900290 43.13434819463226
884130900291 83.55296044006707
884130900289 18.879458041262293
884130900327 20.93135838080947
884130901096 128.98999744133462
884130901096 128.98999744133462
884130901101 48.96747125250208
884130901102 83.60687540773259
884130901097 126.89996361003631
884130901098 131.3860069151045
884130901099 105.72125657279565
884130901100 39.11426057284185
884130901104 32.246871307269274
884130901105 32.24687130585305
884130901103 36.72560343123323
884130900144 133.28239615644793
884130900134 136.8659523492608
884130302925 205.7230956507222
884130302924 201.54455208211155
884130302922 97.93494248022013
884130302923 94.66101301645872
884130302921 93.45967418777028
884130305338 98.16523134478861
884130305338 98.16523134478861
884130305332 120.32860311986713
884130304014 79.66598409086698
884130304011 81.66858064533707
884130304015 75.83511063326658
884130304016 80.06824734145354
884130302616 61.78503826639424
884130302616 61.78503826639424
884130304017 39.828511449651835
884130304018 78.05691969780493
884130304019 36.760842758892565
884130304020 85.69685197285777
884130304294 18.810674925463797
884130304295 48.97600632370981
884130304293 66.88239974552545
884130303372 40.042353104631005
884130303374 64.53168445930245
884130303375 40.550756544214636
884130303384 33.181657083014464
884130303385 24.49117025585006
884130303386 33.479890294946145
884130303045 48.89920497440227
884130303045 48.89920497440227
884130303046 48.6475249695166
884130303053 103.56643523751738
884130303052 101.45890873406113
884130303039 94.46559615367555
884130303037 55.061554222935925
884130303038 20.92709140404333
884147402234 87.81631515230914
884147402235 79.12656758409501
884147402251 40.01809242552931
884147402252 40.01809231346644
884147400488 45.649312126407786
884147400488 45.649312126407786
884147400487 69.78686138354591
884147400482 111.8106672431931
884147400481 46.45371252031415
884147400481 46.45371252031415
884147400483 65.15585647815251
884147400484 22.523012060638212
884147400477 69.78111794233824
884147400476 17.897750670781623
884147400479 77.2217558308114
884147400478 15.082374172026011
884147400470 93.71181825272754
884147400470 93.71181825272754
884147400471 88.48326182174328
884147400472 89.89889320533577
884147400473 89.29567013236793
884147400473 89.29567013236793
884147400474 89.8909870190939
884147400475 51.69609348143553
884147402091 76.62374991150256
884147402092 79.44288490015614
884147402093 79.46139295069464
884147402095 81.05146552582657
884147402094 85.52993121032719
884147402094 85.52993121032719
884147402500 71.36566542096175
884147402499 55.536278366610645
884147402493 15.526271361328359
884147400722 204.0317218253491
884147400722 204.0317218253491
884147400721 115.88126217931386
884147400699 384.1162689366495
884147400698 161.24238509453224
884147400640 283.97478352697846
884147407409 569.5685467142357
884147407410 118.28998077167715
884147407411 281.89938410481926
884147407402 174.64464502166905
884147407401 80.43778582787763
884147407404 70.94097007656757
884147407405 939.5190469402115
884147407403 1727.3694384071257
